{
 "cells": [
  {
   "cell_type": "code",
   "execution_count": 3,
   "metadata": {},
   "outputs": [],
   "source": [
    "import pandas as pd\n",
    "from src.data import *\n",
    "from src.portfolio import *\n",
    "from src.efficient_frontier import *\n",
    "from src.plot import *\n",
    "import yfinance as yf\n",
    "from scipy.optimize import Bounds, LinearConstraint\n",
    "from pypfopt.expected_returns import mean_historical_return"
   ]
  },
  {
   "cell_type": "code",
   "execution_count": 4,
   "metadata": {},
   "outputs": [
    {
     "name": "stdout",
     "output_type": "stream",
     "text": [
      "\n",
      "1 Failed download:\n",
      "- JOBS.ST: No data found for this date range, symbol may be delisted\n",
      "\n",
      "1 Failed download:\n",
      "- PFE.ST: Exception('Lost data during merge despite all attempts to align data (see above)')\n",
      "\n",
      "1 Failed download:\n",
      "- GNP.OL: No data found, symbol may be delisted\n",
      "\n",
      "1 Failed download:\n",
      "- MSEIS.OL: No timezone found, symbol may be delisted\n",
      "\n",
      "1 Failed download:\n",
      "- JYSK.CO: Exception('Lost data during merge despite all attempts to align data (see above)')\n"
     ]
    }
   ],
   "source": [
    "esg_data = esg_score_weight(pd.read_excel('data/ESG_DATA.xlsx'), np.array([1/3,1/3,1/3]))\n",
    "full_data = stock_monthly_close(esg_data, dates=('2003-01-01','2023-01-01'))\n",
    "prices, esg = seperate_full_data(full_data)\n",
    "prices = currency_rates(prices)"
   ]
  },
  {
   "cell_type": "code",
   "execution_count": 5,
   "metadata": {},
   "outputs": [],
   "source": [
    "prices = filter_prices(prices, 0, 10)\n",
    "returns_pct_change = returns_from_prices(prices)"
   ]
  },
  {
   "cell_type": "code",
   "execution_count": null,
   "metadata": {},
   "outputs": [],
   "source": [
    "#expected_return = estimate_rolling_window(returns_pct_change).mean()\n",
    "#print(expected_return)"
   ]
  },
  {
   "cell_type": "code",
   "execution_count": 7,
   "metadata": {},
   "outputs": [
    {
     "name": "stdout",
     "output_type": "stream",
     "text": [
      "-------------------------- 2003-2013 --------------------------\n",
      "ABB.ST        0.280392\n",
      "ADDT-B.ST     0.285682\n",
      "ALFA.ST       0.307619\n",
      "ATRLJ-B.ST    0.244501\n",
      "AXFO.ST       0.115332\n",
      "AZA.ST        0.350266\n",
      "AZN.ST        0.059041\n",
      "BALD-B.ST     0.254427\n",
      "BILL.ST       0.177194\n",
      "BINV.ST       0.063745\n",
      "dtype: float64\n",
      "              ABB.ST  ADDT-B.ST   ALFA.ST  ATRLJ-B.ST   AXFO.ST    AZA.ST  \\\n",
      "ABB.ST      0.111683   0.048408  0.062250    0.045571  0.026671  0.060578   \n",
      "ADDT-B.ST   0.048408   0.115039  0.061976    0.045035  0.037515  0.065010   \n",
      "ALFA.ST     0.062250   0.061976  0.106685    0.057481  0.037864  0.067981   \n",
      "ATRLJ-B.ST  0.045571   0.045035  0.057481    0.142102  0.030944  0.047509   \n",
      "AXFO.ST     0.026671   0.037515  0.037864    0.030944  0.070570  0.040191   \n",
      "AZA.ST      0.060578   0.065010  0.067981    0.047509  0.040191  0.155863   \n",
      "AZN.ST      0.025643   0.018740  0.020999    0.013746  0.013587  0.018530   \n",
      "BALD-B.ST   0.062114   0.043782  0.049527    0.061162  0.029667  0.074973   \n",
      "BILL.ST     0.052340   0.087730  0.080274    0.073852  0.061730  0.090920   \n",
      "BINV.ST     0.049670   0.067474  0.038650    0.036094  0.019584  0.076580   \n",
      "\n",
      "              AZN.ST  BALD-B.ST   BILL.ST   BINV.ST  \n",
      "ABB.ST      0.025643   0.062114  0.052340  0.049670  \n",
      "ADDT-B.ST   0.018740   0.043782  0.087730  0.067474  \n",
      "ALFA.ST     0.020999   0.049527  0.080274  0.038650  \n",
      "ATRLJ-B.ST  0.013746   0.061162  0.073852  0.036094  \n",
      "AXFO.ST     0.013587   0.029667  0.061730  0.019584  \n",
      "AZA.ST      0.018530   0.074973  0.090920  0.076580  \n",
      "AZN.ST      0.049583   0.023245  0.036505  0.002999  \n",
      "BALD-B.ST   0.023245   0.257146  0.088883  0.087312  \n",
      "BILL.ST     0.036505   0.088883  0.329398  0.063366  \n",
      "BINV.ST     0.002999   0.087312  0.063366  0.304177  \n",
      "-------------------------- 2004-2014 --------------------------\n",
      "ABB.ST        0.184295\n",
      "ADDT-B.ST     0.273507\n",
      "ALFA.ST       0.236438\n",
      "ATRLJ-B.ST    0.205382\n",
      "AXFO.ST       0.103414\n",
      "AZA.ST        0.277595\n",
      "AZN.ST        0.048749\n",
      "BALD-B.ST     0.230382\n",
      "BILL.ST       0.159683\n",
      "BINV.ST       0.053891\n",
      "dtype: float64\n",
      "              ABB.ST  ADDT-B.ST   ALFA.ST  ATRLJ-B.ST   AXFO.ST    AZA.ST  \\\n",
      "ABB.ST      0.073301   0.048752  0.059605    0.048263  0.029357  0.046884   \n",
      "ADDT-B.ST   0.048752   0.110244  0.061061    0.044409  0.038021  0.066333   \n",
      "ALFA.ST     0.059605   0.061061  0.097807    0.056358  0.033601  0.065284   \n",
      "ATRLJ-B.ST  0.048263   0.044409  0.056358    0.139310  0.026516  0.045747   \n",
      "AXFO.ST     0.029357   0.038021  0.033601    0.026516  0.063904  0.035346   \n",
      "AZA.ST      0.046884   0.066333  0.065284    0.045747  0.035346  0.149643   \n",
      "AZN.ST      0.016508   0.015727  0.016686    0.011239  0.009419  0.013517   \n",
      "BALD-B.ST   0.050705   0.042137  0.050545    0.064827  0.028503  0.066238   \n",
      "BILL.ST     0.051655   0.088845  0.073372    0.072496  0.059371  0.088707   \n",
      "BINV.ST     0.041558   0.059194  0.041767    0.035857  0.018783  0.080056   \n",
      "\n",
      "              AZN.ST  BALD-B.ST   BILL.ST   BINV.ST  \n",
      "ABB.ST      0.016508   0.050705  0.051655  0.041558  \n",
      "ADDT-B.ST   0.015727   0.042137  0.088845  0.059194  \n",
      "ALFA.ST     0.016686   0.050545  0.073372  0.041767  \n",
      "ATRLJ-B.ST  0.011239   0.064827  0.072496  0.035857  \n",
      "AXFO.ST     0.009419   0.028503  0.059371  0.018783  \n",
      "AZA.ST      0.013517   0.066238  0.088707  0.080056  \n",
      "AZN.ST      0.045337   0.019461  0.033263  0.005124  \n",
      "BALD-B.ST   0.019461   0.226283  0.091770  0.068993  \n",
      "BILL.ST     0.033263   0.091770  0.328624  0.069117  \n",
      "BINV.ST     0.005124   0.068993  0.069117  0.311056  \n",
      "-------------------------- 2005-2015 --------------------------\n",
      "ABB.ST        0.165225\n",
      "ADDT-B.ST     0.228437\n",
      "ALFA.ST       0.201984\n",
      "ATRLJ-B.ST    0.172556\n",
      "AXFO.ST       0.114320\n",
      "AZA.ST        0.235397\n",
      "AZN.ST        0.088679\n",
      "BALD-B.ST     0.274874\n",
      "BILL.ST       0.175247\n",
      "BINV.ST       0.032259\n",
      "dtype: float64\n",
      "              ABB.ST  ADDT-B.ST   ALFA.ST  ATRLJ-B.ST   AXFO.ST    AZA.ST  \\\n",
      "ABB.ST      0.073587   0.050181  0.060994    0.048147  0.029907  0.045714   \n",
      "ADDT-B.ST   0.050181   0.110386  0.061518    0.042619  0.034634  0.064427   \n",
      "ALFA.ST     0.060994   0.061518  0.093145    0.057892  0.034737  0.064638   \n",
      "ATRLJ-B.ST  0.048147   0.042619  0.057892    0.137564  0.024552  0.042343   \n",
      "AXFO.ST     0.029907   0.034634  0.034737    0.024552  0.063826  0.031627   \n",
      "AZA.ST      0.045714   0.064427  0.064638    0.042343  0.031627  0.140491   \n",
      "AZN.ST      0.014819   0.016438  0.015350    0.013939  0.010747  0.015241   \n",
      "BALD-B.ST   0.045365   0.046888  0.051880    0.066698  0.034402  0.063621   \n",
      "BILL.ST     0.051137   0.087523  0.072262    0.073146  0.059219  0.084777   \n",
      "BINV.ST     0.041071   0.055333  0.038944    0.031889  0.014938  0.066744   \n",
      "\n",
      "              AZN.ST  BALD-B.ST   BILL.ST   BINV.ST  \n",
      "ABB.ST      0.014819   0.045365  0.051137  0.041071  \n",
      "ADDT-B.ST   0.016438   0.046888  0.087523  0.055333  \n",
      "ALFA.ST     0.015350   0.051880  0.072262  0.038944  \n",
      "ATRLJ-B.ST  0.013939   0.066698  0.073146  0.031889  \n",
      "AXFO.ST     0.010747   0.034402  0.059219  0.014938  \n",
      "AZA.ST      0.015241   0.063621  0.084777  0.066744  \n",
      "AZN.ST      0.047148   0.018819  0.034782  0.006475  \n",
      "BALD-B.ST   0.018819   0.215598  0.091451  0.058831  \n",
      "BILL.ST     0.034782   0.091451  0.327562  0.065294  \n",
      "BINV.ST     0.006475   0.058831  0.065294  0.301531  \n",
      "-------------------------- 2006-2016 --------------------------\n",
      "ABB.ST        0.090569\n",
      "ADDT-B.ST     0.186007\n",
      "ALFA.ST       0.169460\n",
      "ATRLJ-B.ST    0.149163\n",
      "AXFO.ST       0.134455\n",
      "AZA.ST        0.180761\n",
      "AZN.ST        0.059153\n",
      "BALD-B.ST     0.328812\n",
      "BILL.ST       0.204761\n",
      "BINV.ST       0.016879\n",
      "dtype: float64\n",
      "              ABB.ST  ADDT-B.ST   ALFA.ST  ATRLJ-B.ST   AXFO.ST    AZA.ST  \\\n",
      "ABB.ST      0.074727   0.050198  0.065004    0.047983  0.032856  0.044443   \n",
      "ADDT-B.ST   0.050198   0.102595  0.059010    0.044389  0.035269  0.061309   \n",
      "ALFA.ST     0.065004   0.059010  0.095053    0.061165  0.038095  0.065642   \n",
      "ATRLJ-B.ST  0.047983   0.044389  0.061165    0.131682  0.028372  0.040382   \n",
      "AXFO.ST     0.032856   0.035269  0.038095    0.028372  0.068563  0.038382   \n",
      "AZA.ST      0.044443   0.061309  0.065642    0.040382  0.038382  0.141677   \n",
      "AZN.ST      0.018395   0.019314  0.022605    0.016093  0.014578  0.020762   \n",
      "BALD-B.ST   0.051814   0.067485  0.059004    0.069412  0.035823  0.063475   \n",
      "BILL.ST     0.057967   0.089932  0.077710    0.074905  0.063825  0.086830   \n",
      "BINV.ST     0.038331   0.058407  0.041856    0.023533  0.020066  0.057892   \n",
      "\n",
      "              AZN.ST  BALD-B.ST   BILL.ST   BINV.ST  \n",
      "ABB.ST      0.018395   0.051814  0.057967  0.038331  \n",
      "ADDT-B.ST   0.019314   0.067485  0.089932  0.058407  \n",
      "ALFA.ST     0.022605   0.059004  0.077710  0.041856  \n",
      "ATRLJ-B.ST  0.016093   0.069412  0.074905  0.023533  \n",
      "AXFO.ST     0.014578   0.035823  0.063825  0.020066  \n",
      "AZA.ST      0.020762   0.063475  0.086830  0.057892  \n",
      "AZN.ST      0.052669   0.026020  0.039517  0.011710  \n",
      "BALD-B.ST   0.026020   0.136442  0.088167  0.047196  \n",
      "BILL.ST     0.039517   0.088167  0.334586  0.065722  \n",
      "BINV.ST     0.011710   0.047196  0.065722  0.302779  \n",
      "-------------------------- 2007-2017 --------------------------\n",
      "ABB.ST        0.060935\n",
      "ADDT-B.ST     0.146011\n",
      "ALFA.ST       0.083109\n",
      "ATRLJ-B.ST    0.065067\n",
      "AXFO.ST       0.083925\n",
      "AZA.ST        0.157427\n",
      "AZN.ST        0.018573\n",
      "BALD-B.ST     0.275818\n",
      "BILL.ST       0.174545\n",
      "BINV.ST      -0.047457\n",
      "dtype: float64\n",
      "              ABB.ST  ADDT-B.ST   ALFA.ST  ATRLJ-B.ST   AXFO.ST    AZA.ST  \\\n",
      "ABB.ST      0.069705   0.047064  0.054696    0.039475  0.028537  0.040829   \n",
      "ADDT-B.ST   0.047064   0.103163  0.052639    0.043807  0.031057  0.058622   \n",
      "ALFA.ST     0.054696   0.052639  0.082225    0.049083  0.033837  0.059022   \n",
      "ATRLJ-B.ST  0.039475   0.043807  0.049083    0.112029  0.024355  0.040079   \n",
      "AXFO.ST     0.028537   0.031057  0.033837    0.024355  0.064938  0.038298   \n",
      "AZA.ST      0.040829   0.058622  0.059022    0.040079  0.038298  0.129872   \n",
      "AZN.ST      0.020301   0.021431  0.023425    0.020210  0.016994  0.019500   \n",
      "BALD-B.ST   0.048777   0.065158  0.054734    0.068788  0.036081  0.060020   \n",
      "BILL.ST     0.054056   0.088924  0.070937    0.072064  0.060898  0.084514   \n",
      "BINV.ST     0.031476   0.050543  0.034058    0.010154  0.023909  0.049476   \n",
      "\n",
      "              AZN.ST  BALD-B.ST   BILL.ST   BINV.ST  \n",
      "ABB.ST      0.020301   0.048777  0.054056  0.031476  \n",
      "ADDT-B.ST   0.021431   0.065158  0.088924  0.050543  \n",
      "ALFA.ST     0.023425   0.054734  0.070937  0.034058  \n",
      "ATRLJ-B.ST  0.020210   0.068788  0.072064  0.010154  \n",
      "AXFO.ST     0.016994   0.036081  0.060898  0.023909  \n",
      "AZA.ST      0.019500   0.060020  0.084514  0.049476  \n",
      "AZN.ST      0.055051   0.030508  0.044019  0.018359  \n",
      "BALD-B.ST   0.030508   0.131727  0.085966  0.036051  \n",
      "BILL.ST     0.044019   0.085966  0.330444  0.064965  \n",
      "BINV.ST     0.018359   0.036051  0.064965  0.246944  \n",
      "-------------------------- 2008-2018 --------------------------\n",
      "ABB.ST        0.041179\n",
      "ADDT-B.ST     0.189674\n",
      "ALFA.ST       0.100479\n",
      "ATRLJ-B.ST    0.102751\n",
      "AXFO.ST       0.102422\n",
      "AZA.ST        0.177101\n",
      "AZN.ST        0.079408\n",
      "BALD-B.ST     0.334410\n",
      "BILL.ST       0.225662\n",
      "BINV.ST      -0.088398\n",
      "dtype: float64\n",
      "              ABB.ST  ADDT-B.ST   ALFA.ST  ATRLJ-B.ST   AXFO.ST    AZA.ST  \\\n",
      "ABB.ST      0.061916   0.042035  0.046909    0.032968  0.027408  0.032455   \n",
      "ADDT-B.ST   0.042035   0.092870  0.048233    0.036465  0.029459  0.053326   \n",
      "ALFA.ST     0.046909   0.048233  0.069874    0.038416  0.033543  0.050199   \n",
      "ATRLJ-B.ST  0.032968   0.036465  0.038416    0.100151  0.022411  0.031376   \n",
      "AXFO.ST     0.027408   0.029459  0.033543    0.022411  0.060648  0.034336   \n",
      "AZA.ST      0.032455   0.053326  0.050199    0.031376  0.034336  0.131633   \n",
      "AZN.ST      0.022934   0.020921  0.022368    0.018511  0.016130  0.016805   \n",
      "BALD-B.ST   0.045316   0.057493  0.047239    0.063901  0.035852  0.053349   \n",
      "BILL.ST     0.053269   0.084547  0.069914    0.068664  0.060335  0.078456   \n",
      "BINV.ST     0.038362   0.057986  0.046174    0.019889  0.023536  0.057878   \n",
      "\n",
      "              AZN.ST  BALD-B.ST   BILL.ST   BINV.ST  \n",
      "ABB.ST      0.022934   0.045316  0.053269  0.038362  \n",
      "ADDT-B.ST   0.020921   0.057493  0.084547  0.057986  \n",
      "ALFA.ST     0.022368   0.047239  0.069914  0.046174  \n",
      "ATRLJ-B.ST  0.018511   0.063901  0.068664  0.019889  \n",
      "AXFO.ST     0.016130   0.035852  0.060335  0.023536  \n",
      "AZA.ST      0.016805   0.053349  0.078456  0.057878  \n",
      "AZN.ST      0.061733   0.030752  0.042135  0.024279  \n",
      "BALD-B.ST   0.030752   0.126034  0.081664  0.044830  \n",
      "BILL.ST     0.042135   0.081664  0.324508  0.071028  \n",
      "BINV.ST     0.024279   0.044830  0.071028  0.246766  \n",
      "-------------------------- 2009-2019 --------------------------\n",
      "ABB.ST        0.055910\n",
      "ADDT-B.ST     0.225939\n",
      "ALFA.ST       0.139755\n",
      "ATRLJ-B.ST    0.112264\n",
      "AXFO.ST       0.150937\n",
      "AZA.ST        0.209789\n",
      "AZN.ST        0.085626\n",
      "BALD-B.ST     0.409203\n",
      "BILL.ST       0.328618\n",
      "BINV.ST      -0.074088\n",
      "dtype: float64\n",
      "              ABB.ST  ADDT-B.ST   ALFA.ST  ATRLJ-B.ST   AXFO.ST    AZA.ST  \\\n",
      "ABB.ST      0.044373   0.028649  0.030040    0.019148  0.018650  0.021491   \n",
      "ADDT-B.ST   0.028649   0.077049  0.038771    0.024949  0.026348  0.042560   \n",
      "ALFA.ST     0.030040   0.038771  0.057182    0.031038  0.027334  0.039476   \n",
      "ATRLJ-B.ST  0.019148   0.024949  0.031038    0.059221  0.022910  0.029196   \n",
      "AXFO.ST     0.018650   0.026348  0.027334    0.022910  0.052814  0.026461   \n",
      "AZA.ST      0.021491   0.042560  0.039476    0.029196  0.026461  0.123544   \n",
      "AZN.ST      0.018757   0.014925  0.020213    0.018524  0.015833  0.015973   \n",
      "BALD-B.ST   0.028845   0.036140  0.032881    0.041310  0.028429  0.039070   \n",
      "BILL.ST     0.045057   0.063703  0.060685    0.063916  0.051143  0.066022   \n",
      "BINV.ST     0.026205   0.042027  0.041023    0.015294  0.014129  0.031796   \n",
      "\n",
      "              AZN.ST  BALD-B.ST   BILL.ST   BINV.ST  \n",
      "ABB.ST      0.018757   0.028845  0.045057  0.026205  \n",
      "ADDT-B.ST   0.014925   0.036140  0.063703  0.042027  \n",
      "ALFA.ST     0.020213   0.032881  0.060685  0.041023  \n",
      "ATRLJ-B.ST  0.018524   0.041310  0.063916  0.015294  \n",
      "AXFO.ST     0.015833   0.028429  0.051143  0.014129  \n",
      "AZA.ST      0.015973   0.039070  0.066022  0.031796  \n",
      "AZN.ST      0.052225   0.021893  0.037067  0.020983  \n",
      "BALD-B.ST   0.021893   0.092046  0.059836  0.028048  \n",
      "BILL.ST     0.037067   0.059836  0.276405  0.052823  \n",
      "BINV.ST     0.020983   0.028048  0.052823  0.220679  \n",
      "-------------------------- 2010-2020 --------------------------\n",
      "ABB.ST        0.046200\n",
      "ADDT-B.ST     0.220491\n",
      "ALFA.ST       0.086199\n",
      "ATRLJ-B.ST    0.117171\n",
      "AXFO.ST       0.125927\n",
      "AZA.ST        0.125656\n",
      "AZN.ST        0.097458\n",
      "BALD-B.ST     0.357457\n",
      "BILL.ST       0.121337\n",
      "BINV.ST      -0.146234\n",
      "dtype: float64\n",
      "              ABB.ST  ADDT-B.ST   ALFA.ST  ATRLJ-B.ST   AXFO.ST    AZA.ST  \\\n",
      "ABB.ST      0.044767   0.026111  0.028430    0.015849  0.014267  0.017912   \n",
      "ADDT-B.ST   0.026111   0.068231  0.030475    0.023113  0.016925  0.027499   \n",
      "ALFA.ST     0.028430   0.030475  0.052112    0.019324  0.015314  0.030171   \n",
      "ATRLJ-B.ST  0.015849   0.023113  0.019324    0.039902  0.017048  0.023940   \n",
      "AXFO.ST     0.014267   0.016925  0.015314    0.017048  0.042813  0.020218   \n",
      "AZA.ST      0.017912   0.027499  0.030171    0.023940  0.020218  0.121523   \n",
      "AZN.ST      0.016332   0.007837  0.013589    0.011605  0.011886  0.010874   \n",
      "BALD-B.ST   0.024214   0.026883  0.025371    0.037548  0.019539  0.029866   \n",
      "BILL.ST     0.030435   0.023300  0.024219    0.018078  0.014464  0.023169   \n",
      "BINV.ST     0.020270   0.025036  0.033955    0.020100  0.009830  0.031876   \n",
      "\n",
      "              AZN.ST  BALD-B.ST   BILL.ST   BINV.ST  \n",
      "ABB.ST      0.016332   0.024214  0.030435  0.020270  \n",
      "ADDT-B.ST   0.007837   0.026883  0.023300  0.025036  \n",
      "ALFA.ST     0.013589   0.025371  0.024219  0.033955  \n",
      "ATRLJ-B.ST  0.011605   0.037548  0.018078  0.020100  \n",
      "AXFO.ST     0.011886   0.019539  0.014464  0.009830  \n",
      "AZA.ST      0.010874   0.029866  0.023169  0.031876  \n",
      "AZN.ST      0.047646   0.014803  0.016986  0.018483  \n",
      "BALD-B.ST   0.014803   0.069813  0.029928  0.025065  \n",
      "BILL.ST     0.016986   0.029928  0.076844  0.022243  \n",
      "BINV.ST     0.018483   0.025065  0.022243  0.237618  \n",
      "-------------------------- 2011-2021 --------------------------\n",
      "ABB.ST        0.053506\n",
      "ADDT-B.ST     0.226860\n",
      "ALFA.ST       0.058694\n",
      "ATRLJ-B.ST    0.070180\n",
      "AXFO.ST       0.125693\n",
      "AZA.ST        0.202536\n",
      "AZN.ST        0.105995\n",
      "BALD-B.ST     0.284130\n",
      "BILL.ST       0.121590\n",
      "BINV.ST      -0.096441\n",
      "dtype: float64\n",
      "              ABB.ST  ADDT-B.ST   ALFA.ST  ATRLJ-B.ST   AXFO.ST    AZA.ST  \\\n",
      "ABB.ST      0.051071   0.034051  0.036201    0.020045  0.013813  0.027819   \n",
      "ADDT-B.ST   0.034051   0.083476  0.038864    0.028074  0.016117  0.039186   \n",
      "ALFA.ST     0.036201   0.038864  0.062859    0.026123  0.012163  0.037373   \n",
      "ATRLJ-B.ST  0.020045   0.028074  0.026123    0.054072  0.013639  0.024816   \n",
      "AXFO.ST     0.013813   0.016117  0.012163    0.013639  0.043965  0.019059   \n",
      "AZA.ST      0.027819   0.039186  0.037373    0.024816  0.019059  0.142664   \n",
      "AZN.ST      0.019517   0.013907  0.017204    0.012471  0.015239  0.016208   \n",
      "BALD-B.ST   0.025907   0.028066  0.025840    0.043409  0.016600  0.036994   \n",
      "BILL.ST     0.033479   0.027934  0.026388    0.014383  0.013902  0.028582   \n",
      "BINV.ST     0.029773   0.029415  0.040850    0.020240  0.012657  0.056026   \n",
      "\n",
      "              AZN.ST  BALD-B.ST   BILL.ST   BINV.ST  \n",
      "ABB.ST      0.019517   0.025907  0.033479  0.029773  \n",
      "ADDT-B.ST   0.013907   0.028066  0.027934  0.029415  \n",
      "ALFA.ST     0.017204   0.025840  0.026388  0.040850  \n",
      "ATRLJ-B.ST  0.012471   0.043409  0.014383  0.020240  \n",
      "AXFO.ST     0.015239   0.016600  0.013902  0.012657  \n",
      "AZA.ST      0.016208   0.036994  0.028582  0.056026  \n",
      "AZN.ST      0.050220   0.020116  0.020743  0.030006  \n",
      "BALD-B.ST   0.020116   0.074080  0.027097  0.024551  \n",
      "BILL.ST     0.020743   0.027097  0.069848  0.029223  \n",
      "BINV.ST     0.030006   0.024551  0.029223  0.271314  \n",
      "-------------------------- 2012-2022 --------------------------\n",
      "ABB.ST        0.078400\n",
      "ADDT-B.ST     0.276253\n",
      "ALFA.ST       0.087340\n",
      "ATRLJ-B.ST    0.092344\n",
      "AXFO.ST       0.130547\n",
      "AZA.ST        0.254072\n",
      "AZN.ST        0.117708\n",
      "BALD-B.ST     0.309910\n",
      "BILL.ST       0.118375\n",
      "BINV.ST      -0.088283\n",
      "dtype: float64\n",
      "              ABB.ST  ADDT-B.ST   ALFA.ST  ATRLJ-B.ST   AXFO.ST    AZA.ST  \\\n",
      "ABB.ST      0.049678   0.031838  0.033490    0.018665  0.018268  0.025825   \n",
      "ADDT-B.ST   0.031838   0.091409  0.043005    0.026294  0.017488  0.040779   \n",
      "ALFA.ST     0.033490   0.043005  0.068225    0.025876  0.013025  0.038310   \n",
      "ATRLJ-B.ST  0.018665   0.026294  0.025876    0.055649  0.015702  0.022466   \n",
      "AXFO.ST     0.018268   0.017488  0.013025    0.015702  0.048345  0.018907   \n",
      "AZA.ST      0.025825   0.040779  0.038310    0.022466  0.018907  0.145679   \n",
      "AZN.ST      0.017893   0.007823  0.014182    0.012049  0.014872  0.013302   \n",
      "BALD-B.ST   0.023159   0.029907  0.025694    0.044719  0.020930  0.035629   \n",
      "BILL.ST     0.030253   0.031344  0.026181    0.014267  0.016655  0.030579   \n",
      "BINV.ST     0.032839   0.029790  0.040649    0.024680  0.026023  0.053550   \n",
      "\n",
      "              AZN.ST  BALD-B.ST   BILL.ST   BINV.ST  \n",
      "ABB.ST      0.017893   0.023159  0.030253  0.032839  \n",
      "ADDT-B.ST   0.007823   0.029907  0.031344  0.029790  \n",
      "ALFA.ST     0.014182   0.025694  0.026181  0.040649  \n",
      "ATRLJ-B.ST  0.012049   0.044719  0.014267  0.024680  \n",
      "AXFO.ST     0.014872   0.020930  0.016655  0.026023  \n",
      "AZA.ST      0.013302   0.035629  0.030579  0.053550  \n",
      "AZN.ST      0.051374   0.017416  0.018108  0.031706  \n",
      "BALD-B.ST   0.017416   0.073092  0.028156  0.027599  \n",
      "BILL.ST     0.018108   0.028156  0.068621  0.031484  \n",
      "BINV.ST     0.031706   0.027599  0.031484  0.288159  \n",
      "-------------------------- 2013-2023 --------------------------\n",
      "ABB.ST        0.061174\n",
      "ADDT-B.ST     0.238748\n",
      "ALFA.ST       0.068897\n",
      "ATRLJ-B.ST    0.052176\n",
      "AXFO.ST       0.127937\n",
      "AZA.ST        0.226614\n",
      "AZN.ST        0.132298\n",
      "BALD-B.ST     0.199675\n",
      "BILL.ST       0.050737\n",
      "BINV.ST      -0.003769\n",
      "dtype: float64\n",
      "              ABB.ST  ADDT-B.ST   ALFA.ST  ATRLJ-B.ST   AXFO.ST    AZA.ST  \\\n",
      "ABB.ST      0.049068   0.034423  0.033125    0.023411  0.016367  0.028088   \n",
      "ADDT-B.ST   0.034423   0.107575  0.051025    0.034501  0.019379  0.043804   \n",
      "ALFA.ST     0.033125   0.051025  0.072624    0.032746  0.014387  0.037971   \n",
      "ATRLJ-B.ST  0.023411   0.034501  0.032746    0.067462  0.018203  0.029348   \n",
      "AXFO.ST     0.016367   0.019379  0.014387    0.018203  0.054384  0.014841   \n",
      "AZA.ST      0.028088   0.043804  0.037971    0.029348  0.014841  0.156071   \n",
      "AZN.ST      0.017454   0.009035  0.013810    0.013127  0.017813  0.012283   \n",
      "BALD-B.ST   0.030064   0.050427  0.040109    0.061411  0.027343  0.043087   \n",
      "BILL.ST     0.031044   0.036790  0.024535    0.016850  0.017370  0.032486   \n",
      "BINV.ST     0.025977   0.029997  0.034114    0.019251  0.028538  0.042651   \n",
      "\n",
      "              AZN.ST  BALD-B.ST   BILL.ST   BINV.ST  \n",
      "ABB.ST      0.017454   0.030064  0.031044  0.025977  \n",
      "ADDT-B.ST   0.009035   0.050427  0.036790  0.029997  \n",
      "ALFA.ST     0.013810   0.040109  0.024535  0.034114  \n",
      "ATRLJ-B.ST  0.013127   0.061411  0.016850  0.019251  \n",
      "AXFO.ST     0.017813   0.027343  0.017370  0.028538  \n",
      "AZA.ST      0.012283   0.043087  0.032486  0.042651  \n",
      "AZN.ST      0.054533   0.019600  0.020693  0.032980  \n",
      "BALD-B.ST   0.019600   0.106264  0.033111  0.027857  \n",
      "BILL.ST     0.020693   0.033111  0.070756  0.034541  \n",
      "BINV.ST     0.032980   0.027857  0.034541  0.234855  \n"
     ]
    }
   ],
   "source": [
    "ret_port = []\n",
    "for i in range(0, 11):\n",
    "  #r_opt_set = set()\n",
    "  print(f\"-------------------------- 20{3+i:02d}-20{13+i:02d} --------------------------\")\n",
    "\n",
    "  # define the rolling window\n",
    "  sample_rolling_window = returns_pct_change[i*12:i*12+(12*10)]\n",
    "\n",
    "  ret_port = mean_return_annual(sample_rolling_window)\n",
    "  print(ret_port)\n",
    "\n",
    "  cov_port = covariance_matrix_annual(sample_rolling_window)\n",
    "  print(cov_port)\n"
   ]
  },
  {
   "cell_type": "code",
   "execution_count": null,
   "metadata": {},
   "outputs": [],
   "source": [
    "print(returns_pct_change.rolling('D').mean())"
   ]
  },
  {
   "cell_type": "code",
   "execution_count": null,
   "metadata": {},
   "outputs": [],
   "source": [
    "expected_return = estimate_rolling_window(returns_pct_change).mean()"
   ]
  },
  {
   "cell_type": "code",
   "execution_count": null,
   "metadata": {},
   "outputs": [],
   "source": []
  },
  {
   "cell_type": "code",
   "execution_count": null,
   "metadata": {},
   "outputs": [],
   "source": [
    "#mpl.style.use('classic')\n",
    "mpl.style.use('default')\n",
    "\n",
    "fig, ax = plt.subplots()\n",
    "plt.title('Efficient Frontier for rolling windows', fontsize=12)\n",
    "plt.xlabel('Risk/Volatility')\n",
    "plt.ylabel('Return')\n",
    "colors = ['r','b','k','m','g','c', 'lightslategrey', \"darkcyan\", \"purple\", \"orange\", \"olive\"]\n",
    "for i, x in enumerate(parameters):\n",
    "  opt_sr_vol, opt_sr_ret, opt_risk_vol,  opt_risk_ret, frontier_x, frontier_y, _ = x\n",
    "  #ax.plot(opt_sr_vol, opt_sr_ret,'*', markersize=20, label=f'20{3+i:02d}-20{13+i:02d} Max Sharpe') # red star\n",
    "  plt.plot(opt_sr_vol,  opt_sr_ret, marker='o', color = f'{colors[i]}', markersize=12)# label=f'20{3+i:02d}-20{13+i:02d} Min var') # red dot\n",
    "  plt.plot(frontier_x, frontier_y, linestyle='--', color = f'{colors[i]}', linewidth=3, label=f'20{3+i:02d}-20{13+i:02d} Efficient Frontier') # red dashed line\n",
    "  \n",
    "  #ax.scatter(x[2], x[1], marker=\"*\", s=100, label=f\"20{3+i:02d}-20{13+i:02d} Max Sharpe\")\n",
    "plt.xlim([0,1])\n",
    "plt.ylim([frontier_y.min(),frontier_y.max()])\n",
    "plt.legend(bbox_to_anchor =(0.5, 0.9, 1, 0), ncol = 1, fontsize=\"small\")\n",
    "#fig_path = os.path.join(PLOTS_PATH, f\"efficient_frontier.png\")\n",
    "#plt.savefig(fig_path, dpi=150,bbox_inches=\"tight\")\n",
    "plt.show()"
   ]
  },
  {
   "cell_type": "code",
   "execution_count": null,
   "metadata": {},
   "outputs": [],
   "source": [
    "portfolio_covariance(df)"
   ]
  },
  {
   "cell_type": "code",
   "execution_count": null,
   "metadata": {},
   "outputs": [],
   "source": [
    "portfolio_mean(df)"
   ]
  },
  {
   "cell_type": "code",
   "execution_count": null,
   "metadata": {},
   "outputs": [],
   "source": [
    "cov = portfolio_covariance(df)\n",
    "portfolio_std(cov, w)"
   ]
  },
  {
   "cell_type": "code",
   "execution_count": null,
   "metadata": {},
   "outputs": [],
   "source": [
    "portfolio_sharp_ratio(df, w, cov)"
   ]
  },
  {
   "cell_type": "code",
   "execution_count": null,
   "metadata": {},
   "outputs": [],
   "source": [
    "#bounds = Bounds(-2, 5)\n",
    "\n",
    "#Create x0, the first guess at the values of each asset's weight.\n",
    "#w0 = np.linspace(start=1, stop=0, num=cov.shape[1])\n",
    "#x0 = w0/np.sum(w0)\n",
    "# All weights between 0 and 1\n",
    "# # The second boundary is the sum of weights.\n",
    "#linear_constraint = LinearConstraint(np.ones((cov.shape[1],), dtype=int),1,1)\n",
    "#options = {'xtol': 1e-07, 'gtol': 1e-07, 'barrier_tol': 1e-07, 'maxiter': 1000}\n",
    " "
   ]
  },
  {
   "cell_type": "code",
   "execution_count": null,
   "metadata": {},
   "outputs": [],
   "source": [
    "def portfolio_minimize_risk(port_return, \n",
    "                                port_covariance, \n",
    "                                esg_data, \n",
    "                                x0,\n",
    "                                linear_constraint, \n",
    "                                bounds, \n",
    "                                options = None):\n",
    "    \"\"\"\n",
    "    Function that will take different inputs including esg score data and compute the minimum risk of different portfolios \n",
    "    :param: A dataframe of the portfolio covariance matrix\n",
    "    :param: A dataframe of esg scores of the different assets in portfolio\n",
    "    :param: x0 argument that is the initial guess for the minimizer\n",
    "    :param: Linear constraints for the minimizer\n",
    "    :param: Bounds for the minimizer\n",
    "    :param: \n",
    "    :param: Options for the minimizer\n",
    "    :returns: A dataframe containing portfolio weight choice for minimizing portfolio risk using esg scores\n",
    "    \"\"\"\n",
    "    \n",
    "    results = {'esg':[],\n",
    "               'weights':[],\n",
    "               'risk':[],\n",
    "               'return':[]}\n",
    "    \n",
    "    function = lambda weight: portfolio_std(port_cov=port_covariance, weights=weight)\n",
    "    constraint_esg = {'type': 'eq', 'fun': lambda weight: np.dot(weight, esg_data)}\n",
    "    result = minimize(function, \n",
    "                      x0, \n",
    "                      method='trust-constr', \n",
    "                      bounds=bounds, \n",
    "                      constraints=[linear_constraint, constraint_esg], \n",
    "                      options=options)\n",
    "   \n",
    "    optimal_weights = list(result['x'])\n",
    "    print(optimal_weights)\n",
    "    optimal_esg = np.dot(optimal_weights, esg_data)\n",
    "    results['esg'].append(optimal_esg)\n",
    "    results['weights'].append(optimal_weights)\n",
    "    results['risk'].append(result['fun'])\n",
    "    results['return'].append(np.dot(optimal_weights, port_return.sum()))\n",
    "\n",
    "    return results\n"
   ]
  },
  {
   "cell_type": "code",
   "execution_count": null,
   "metadata": {},
   "outputs": [],
   "source": [
    "# set the window size\n",
    "#window_size = 2\n",
    "\n",
    "# make different lists to append data in every window\n",
    "#expected_return = []\n",
    "#expected_year = []\n",
    "\n",
    "#def simple_return(beginning_price, end_price):\n",
    "#  return ((end_price-beginning_price)/beginning_price)\n",
    "\n",
    "#def annual_return(simple_return, years_held):\n",
    "#  return (((simple_return+1)**(1/years_held))-1)\n",
    "\n",
    "# setup af loop to iterate through window and make calculations\n",
    "#for i in range(0, 6):\n",
    "\n",
    "  # define the rolling window\n",
    "#  sample_rolling_window = df[i*12:i*12+(12*window_size)]\n",
    "\n",
    "  # calculate the expected return as a dataframe\n",
    "#  window_monthly_returns = pd.DataFrame()\n",
    "#  window_monthly_returns = sample_rolling_window\n",
    "#  simple_window_yearly_returns_mean = simple_return(window_monthly_returns.iloc[0], window_monthly_returns.iloc[-1])\n",
    "#  annual_window_return = annual_return(simple_window_yearly_returns_mean, window_size)\n",
    "\n",
    "  # append the results of expected return and the years to list\n",
    "#  expected_return.append(annual_window_return)\n",
    "\n",
    "# make list of expected return into a dataframe\n",
    "#for x in range(2013, 2024):\n",
    "#  expected_year.append(dt(x,1,1))\n",
    "  \n",
    "#expected_return = pd.DataFrame(expected_return, index=expected_year)\n",
    "\n",
    "#expected_return\n"
   ]
  },
  {
   "cell_type": "code",
   "execution_count": null,
   "metadata": {},
   "outputs": [],
   "source": [
    "#esg_data = pd.read_excel('ESG_DATA.XLS')\n",
    "#for index, row in esg_data.iterrows():\n",
    "    # stockholm exchange\n",
    "    if row['Isin'].startswith('SE'):\n",
    "        esg_data.at[index, 'stock_symbol'] = row['stock_symbol'] + '.ST'\n",
    "    \n",
    "    # swiss exchange\n",
    "    elif row['Isin'].startswith('CH0242214887'):\n",
    "        esg_data.at[index, 'stock_symbol'] = row['stock_symbol'] + '.ST'\n",
    "    elif row['Isin'].startswith('CH1122548808'):\n",
    "        esg_data.at[index, 'stock_symbol'] = row['stock_symbol'] + '.OL'\n",
    "    elif row['Isin'].startswith('CH'):\n",
    "        esg_data.at[index, 'stock_symbol'] = row['stock_symbol'] + '.SW'\n",
    "    \n",
    "    # toroto exchange\n",
    "    elif row['Isin'].startswith('CA98936C1068'):\n",
    "        esg_data.at[index, 'stock_symbol'] = row['stock_symbol'] + '.L'\n",
    "    elif row['Isin'].startswith('CA'):\n",
    "        esg_data.at[index, 'stock_symbol'] = row['stock_symbol'] + '.TO'\n",
    "    elif row['Isin'].startswith('GB'):\n",
    "        esg_data.at[index, 'stock_symbol'] = row['stock_symbol'] + '.L'\n",
    "    \n",
    "    # paris exchange\n",
    "    elif row['Isin'].startswith('FR'):\n",
    "        esg_data.at[index, 'stock_symbol'] = row['stock_symbol'] + '.PA'\n",
    "\n",
    "    # copenhagen exchange\n",
    "    \n",
    "    elif row['Isin'].startswith('DK0060668796'):\n",
    "        esg_data.at[index, 'stock_symbol'] = row['stock_symbol'] + '.ST'\n",
    "    elif row['Isin'].startswith('DK0060520450'):\n",
    "        esg_data.at[index, 'stock_symbol'] = row['stock_symbol'] + '.OL'\n",
    "    elif row['Isin'].startswith('FI4000297767'):\n",
    "        esg_data.at[index, 'stock_symbol'] = row['stock_symbol'] + '.CO' \n",
    "    elif row['Isin'].startswith('DK'):\n",
    "        esg_data.at[index, 'stock_symbol'] = row['stock_symbol'] + '.CO'\n",
    "\n",
    "    # oslo exchange\n",
    "    elif row['Isin'].startswith('NO'):\n",
    "        esg_data.at[index, 'stock_symbol'] = row['stock_symbol'] + '.OL'\n",
    "    elif row['Isin'].startswith('KYG'):\n",
    "        esg_data.at[index, 'stock_symbol'] = row['stock_symbol'] + '.OL' \n",
    "    elif row['Isin'].startswith('CY'):\n",
    "        esg_data.at[index, 'stock_symbol'] = row['stock_symbol'] + '.OL'\n",
    "    elif row['Isin'].startswith('BMG'):\n",
    "        esg_data.at[index, 'stock_symbol'] = row['stock_symbol'] + '.OL'\n",
    "    elif row['Isin'].startswith('MHY'):\n",
    "        esg_data.at[index, 'stock_symbol'] = row['stock_symbol'] + '.SG'\n",
    "    elif row['Isin'].startswith('US36467X2062'):\n",
    "        esg_data.at[index, 'stock_symbol'] = row['stock_symbol'] + '.OL'\n",
    "    elif row['Isin'].startswith('SGX'):\n",
    "        esg_data.at[index, 'stock_symbol'] = row['stock_symbol'] + '.OL'\n",
    "    elif row['Isin'].startswith('FO0000000179'):\n",
    "        esg_data.at[index, 'stock_symbol'] = row['stock_symbol'] + '.OL'\n",
    "\n",
    "    elif row['Isin'].startswith('MT0000580101'):\n",
    "        esg_data.at[index, 'stock_symbol'] = row['stock_symbol'] + '.DE'\n",
    "    elif row['Isin'].startswith('MT0001390104'):\n",
    "        esg_data.at[index, 'stock_symbol'] = row['stock_symbol'] + '.ST'\n",
    "    elif row['Isin'].startswith('MT'):\n",
    "        esg_data.at[index, 'stock_symbol'] = row['stock_symbol'] + '.SG'\n",
    "   "
   ]
  },
  {
   "cell_type": "code",
   "execution_count": null,
   "metadata": {},
   "outputs": [],
   "source": []
  }
 ],
 "metadata": {
  "kernelspec": {
   "display_name": "Python 3",
   "language": "python",
   "name": "python3"
  },
  "language_info": {
   "codemirror_mode": {
    "name": "ipython",
    "version": 3
   },
   "file_extension": ".py",
   "mimetype": "text/x-python",
   "name": "python",
   "nbconvert_exporter": "python",
   "pygments_lexer": "ipython3",
   "version": "3.11.0"
  },
  "orig_nbformat": 4,
  "vscode": {
   "interpreter": {
    "hash": "8a5edab282632443219e051e4ade2d1d5bbc671c781051bf1437897cbdfea0f1"
   }
  }
 },
 "nbformat": 4,
 "nbformat_minor": 2
}
